54265
92409
59342
25528
57807
36699
75290
30213
45942
82875
53066
92629
70876
28806
59601
61708
20708
95309
57870
36415
35451
62282
96294
34244
93544
70132
37134
34142
20678
20355
58298
64507
37502
92814
80602
94415
77167
64604
21281
21294
80420
44439
79156
21374
39449
43866
68728
58439
60638
47521
92881
97482
86060
45645
29911
92329
32395
77555
86455
75552
61027
55445
64436
21839
67834
73695
48973
53117
98262
59455
92865
68118
80683
97416
61088
89313
65174
62228
89976
65120
38118
23861
22581
39903
74217
57683
73260
34956
47316
84086
90743
93523
63634
74213
54967
78626
99835
81443
88112
92181
